23,26,585,749,0,1
23,26,578,760,0,1
23,26,572,769,0,1
23,26,493,774,0,1
23,26,488,779,0,1
23,26,568,790,0,1
23,26,536,798,0,1
23,26,509,797,0,1
23,26,476,803,0,1
23,26,510,809,0,1
23,26,481,815,0,1
23,26,481,824,0,1
23,26,475,832,0,1
23,26,469,845,0,1
23,26,464,852,0,1
23,26,464,861,0,1
23,26,455,880,0,1
23,26,454,891,0,1
23,26,458,897,0,1
23,27,464,900,0,1
23,27,473,908,0,1
23,27,464,918,0,1
23,27,498,925,0,1
23,27,530,929,0,1
23,27,533,936,0,1
23,27,524,950,0,1
23,27,498,961,0,1
23,27,516,963,0,1
23,27,501,958,0,1
23,27,522,965,0,1
23,27,520,979,0,1
23,27,505,978,0,1
23,27,488,983,0,1
23,27,512,992,0,1
23,27,511,997,0,1
23,27,501,999,0,1
23,27,503,1001,0,1
23,27,483,1009,0,1
23,27,483,1019,0,1
23,27,473,1021,0,1
23,27,470,1024,0,1
23,27,480,1030,0,1
23,27,464,1026,0,1
23,27,474,1028,0,1
23,27,470,1034,0,1
23,28,454,1055,0,1
23,27,454,1055,0,1
23,28,454,1050,0,1
23,28,454,1051,0,1
23,28,445,1053,0,1
23,28,439,1055,0,1
23,28,444,1055,0,1
23,28,454,1059,0,1
23,28,455,1060,0,1
23,28,451,1073,0,1
23,28,451,1078,0,1
23,28,454,1081,0,1
23,28,454,1082,0,1
23,28,457,1088,0,1
23,28,464,1090,0,1
23,28,464,1086,0,1
23,28,464,1092,0,1
23,28,471,1103,0,1
23,28,475,1104,0,1
23,28,471,1103,0,1
23,28,467,1112,0,1
23,28,466,1105,0,1
23,28,464,1104,0,1
23,28,467,1117,0,1
23,28,467,1121,0,1
23,28,466,1115,0,1
23,28,459,1120,0,1
23,28,464,1123,0,1
23,28,470,1116,0,1
23,28,464,1126,0,1
23,28,464,1112,0,1
23,28,449,1104,0,1
23,28,464,1108,0,1
23,28,462,1127,0,1
23,28,469,1128,0,1
23,28,469,1124,0,1
23,28,469,1130,0,1
23,28,464,1138,0,1
23,28,456,1144,0,1
23,28,457,1140,0,1
23,28,450,1139,0,1
23,28,446,1167,0,1
23,28,451,1159,0,1
23,28,454,1157,0,1
23,28,448,1159,0,1
23,28,444,1156,0,1
23,28,444,1160,0,1
23,28,444,1169,0,1
23,29,444,1176,0,1
23,29,444,1175,0,1
23,28,444,1166,0,1
23,27,444,1140,0,1
23,27,444,1089,0,1
23,27,435,1042,0,1
23,27,432,1051,0,1
23,28,429,1059,0,1
23,27,429,1064,0,1
22,27,429,1061,0,1
23,27,429,1058,0,1
23,28,429,1061,0,1
22,28,429,1070,0,1
22,28,429,1074,0,1
23,28,429,1086,0,1
22,28,429,1089,0,1
22,28,429,1085,0,1
22,28,429,1085,0,1
23,28,429,1088,0,1
22,28,429,1091,0,1
23,28,429,1091,0,1
22,28,429,1088,0,1
22,28,429,1087,0,1
22,27,432,1079,0,1
22,27,432,1077,0,1
22,27,439,1064,0,1
22,27,429,1056,0,1
22,27,432,1043,0,1
22,27,432,1039,0,1
22,27,436,1028,0,1
22,27,438,1020,0,1
22,27,444,1018,0,1
22,27,435,1015,0,1
22,27,434,1006,0,1
22,27,432,1002,0,1
22,26,438,993,0,1
22,26,439,983,0,1
22,26,432,976,0,1
22,26,432,980,0,1
22,26,434,971,0,1
22,26,444,966,0,1
22,26,444,963,0,1
22,26,441,952,0,1
22,26,444,948,0,1
22,26,444,945,0,1
22,26,441,941,0,1
22,26,438,929,0,1
22,26,441,923,0,1
22,26,440,919,0,1
22,26,439,918,0,1
22,25,438,919,0,1
22,25,439,927,0,1
22,25,432,920,0,1
22,25,432,902,0,1
22,25,429,904,0,1
22,25,429,897,0,1
22,25,429,892,0,1
22,25,433,882,0,1
22,25,436,887,0,1
22,25,442,889,0,1
22,25,443,889,0,1
22,25,438,880,0,1
22,25,442,868,0,1
22,25,439,861,0,1
22,25,439,860,0,1
22,25,435,864,0,1
22,25,430,859,0,1
22,25,440,854,0,1
22,25,428,847,0,1
22,25,432,837,0,1
22,25,431,834,0,1
22,25,429,832,0,1
22,25,433,832,0,1
22,25,433,836,0,1
22,25,428,832,0,1
22,25,428,821,0,1
22,25,425,832,0,1
22,25,429,832,0,1
22,25,433,830,0,1
22,25,433,821,0,1
22,25,433,818,0,1
22,24,433,819,0,1
22,25,433,822,0,1
22,24,433,818,0,1
22,25,433,812,0,1
22,24,433,816,0,1
22,24,433,822,0,1
22,24,433,825,0,1
22,24,433,816,0,1
22,24,433,811,0,1
22,24,433,811,0,1
22,24,433,812,0,1
22,24,426,814,0,1
22,24,430,824,0,1
22,25,433,834,0,1
22,25,433,837,0,1
22,25,433,841,0,1
22,25,433,845,0,1
22,25,433,854,0,1
22,25,428,850,0,1
22,25,424,845,0,1
22,25,433,854,0,1
22,25,428,849,0,0
22,25,422,853,0,0
22,25,423,853,0,0
22,25,424,852,0,0
22,25,427,853,0,0
22,25,421,845,0,0
22,25,426,834,0,0
22,25,421,826,0,0
22,25,419,819,0,0
22,25,419,829,0,0
22,25,419,824,0,0
22,24,419,814,0,0
22,24,419,813,0,0
22,24,419,813,0,0
22,24,419,811,0,0
22,24,419,804,0,0
22,24,419,807,0,0
22,24,419,802,0,0
22,24,419,796,0,0
22,24,419,794,0,0
22,24,419,790,0,0
22,24,419,789,0,0
22,24,419,782,0,0
22,24,419,772,0,1
22,24,419,772,0,1
22,24,419,773,0,1
22,24,419,773,0,1
22,24,416,771,0,1
22,24,418,782,0,1
22,25,415,796,0,1
22,25,310,809,0,1
22,25,0,805,0,0
22,24,0,791,0,0
22,25,0,779,0,0
22,24,0,780,0,0
22,24,0,781,0,0
22,24,0,781,0,0
22,24,0,778,0,0
22,24,0,769,0,0
22,24,0,766,0,0
22,24,0,763,0,0
22,24,0,762,0,0
22,24,0,761,0,0
22,24,0,761,0,0
22,24,0,757,0,0
22,24,0,752,0,0
22,24,0,748,0,0
22,24,0,746,0,0
22,24,0,745,0,0
22,24,0,740,0,0
22,24,0,738,0,0
22,24,0,732,0,0
22,24,0,727,0,0
22,24,0,716,0,0
22,24,0,723,0,0
22,24,0,718,0,0
22,24,0,716,0,0
21,24,0,714,0,0
21,24,0,714,0,0
21,24,0,715,0,0
21,24,0,706,0,0
21,24,0,706,0,0
21,24,0,698,0,0
21,24,0,692,0,0
21,24,0,694,0,0
21,24,0,697,0,0
21,24,0,692,0,0
21,24,0,691,0,0
21,24,0,689,0,0
21,24,0,689,0,0
21,24,0,687,0,0
21,24,0,679,0,0
21,24,0,668,0,0
21,24,0,665,0,0
21,24,0,664,0,0
21,24,0,668,0,0
21,24,0,661,0,0
21,24,0,658,0,0
21,24,0,656,0,0
21,24,0,654,0,0
21,24,0,653,0,0
21,24,0,650,0,0
21,24,0,650,0,0
21,24,0,648,0,0
21,24,0,640,0,0
21,24,0,638,0,0
21,24,0,636,0,0
21,24,0,636,0,0
21,24,0,635,0,0
21,24,0,635,0,0
21,24,0,627,0,0
21,24,0,626,0,0
21,24,0,621,0,0
21,24,0,621,0,0
21,24,0,620,0,0
21,24,0,617,0,0
21,24,0,612,0,0
21,24,0,614,0,0
21,24,0,617,0,0
21,23,0,614,0,0
21,23,0,610,0,0
21,23,0,603,0,0
21,23,0,603,0,0
21,23,0,602,0,0
21,24,0,605,0,0
21,23,0,604,0,0
21,23,0,599,0,0
21,24,0,600,0,0
21,23,0,596,0,0
21,23,0,597,0,0
21,23,0,594,0,0
21,23,0,590,0,0
21,23,0,586,0,0
21,23,0,588,0,0
21,23,0,585,0,0
21,23,0,584,0,0
21,23,0,587,0,0
21,23,0,585,0,0
21,23,0,579,0,0
21,23,0,579,0,0
21,23,0,581,0,0
21,23,0,581,0,0
21,23,0,577,0,0
21,23,0,577,0,0
21,23,0,574,0,0
21,23,0,569,0,0
21,23,0,565,0,0
21,23,0,561,0,0
21,23,0,567,0,0
21,23,0,565,0,0
21,23,0,563,0,0
21,23,0,559,0,0
21,23,0,559,0,0
21,23,0,550,0,0
21,23,0,553,0,0
21,23,0,552,0,0
21,23,0,553,0,0
21,23,0,545,0,0
21,23,0,548,0,0
21,23,0,547,0,0
21,23,0,545,0,0
21,23,0,544,0,0
21,23,0,545,0,0
21,23,0,547,0,0
21,23,0,545,0,0
21,23,0,541,0,0
21,23,0,540,0,0
21,23,0,533,0,0
21,23,0,528,0,0
21,23,0,537,0,0
21,23,0,539,0,0
21,23,0,535,0,0
21,23,0,537,0,0
21,23,0,535,0,0
21,23,0,533,0,0
21,23,0,524,0,0
21,23,0,524,0,0
21,23,0,522,0,0
21,23,0,521,0,0
21,23,0,519,0,0
21,23,0,523,0,0
21,23,0,523,0,0
21,23,0,519,0,0
21,23,0,519,0,0
21,23,0,519,0,0
21,23,0,520,0,0
21,23,0,524,0,0
21,23,0,520,0,0
21,23,0,519,0,0
21,23,0,523,0,0
21,23,0,517,0,0
21,23,0,514,0,0
21,23,0,516,0,0
21,23,0,521,0,0
21,23,0,520,0,0
21,23,0,517,0,0
21,23,0,514,0,0
21,23,0,516,0,0
21,23,0,520,0,0
21,23,0,519,0,0
21,23,0,519,0,0
21,23,0,509,0,0
21,23,0,508,0,0
20,23,0,504,0,0
21,23,0,506,0,0
20,23,0,509,0,0
20,23,0,507,0,0
21,23,0,509,0,0
20,23,0,509,0,0
20,23,0,508,0,0
20,23,0,510,0,0
20,23,0,504,0,0
20,23,0,499,0,0
20,23,0,495,0,0
20,23,0,496,0,0
20,23,0,494,0,0
20,23,0,492,0,0
20,23,0,494,0,0
20,23,0,492,0,0
20,23,0,493,0,0
20,23,0,484,0,0
20,23,0,489,0,0
20,23,0,494,0,0
20,23,0,495,0,0
20,23,0,501,0,0
20,23,0,499,0,0
20,23,0,492,0,0
20,23,0,494,0,0
20,23,0,494,0,0
20,23,0,489,0,0
20,23,0,490,0,0
20,23,0,495,0,0
20,23,0,498,0,0
20,23,0,495,0,0
20,23,0,490,0,0
20,23,0,492,0,0
20,23,0,491,0,0
20,22,0,488,0,0
20,22,0,488,0,0
20,23,0,485,0,0
20,23,0,490,0,0
20,22,0,489,0,0
20,22,0,485,0,0
20,22,0,485,0,0
20,22,0,485,0,0
20,22,0,485,0,0
20,22,0,484,0,0
20,22,0,483,0,0
20,22,0,481,0,0
20,22,0,476,0,0
20,22,0,475,0,0
20,22,0,476,0,0
20,22,0,478,0,0
20,22,0,481,0,0
20,22,0,483,0,0
20,22,0,480,0,0
20,22,0,480,0,0
20,22,0,470,0,0
20,22,0,474,0,0
20,22,0,482,0,0
20,22,0,480,0,0
20,22,0,480,0,0
20,22,0,481,0,0
20,22,0,483,0,0
20,22,0,475,0,0
20,22,0,475,0,0
20,22,0,477,0,0
20,22,0,475,0,0
20,22,0,479,0,0
20,22,0,475,0,0
20,22,0,474,0,0
20,22,0,477,0,0
20,22,0,473,0,0
20,22,0,470,0,0
20,22,0,468,0,0
20,22,0,471,0,0
20,22,0,471,0,0
20,22,0,468,0,0
20,22,0,468,0,0
20,22,0,467,0,0
20,22,0,469,0,0
20,22,0,471,0,0
20,22,0,470,0,0
20,22,0,466,0,0
20,22,0,466,0,0
20,22,0,468,0,0
20,22,0,467,0,0
20,22,0,469,0,0
20,22,0,469,0,0
20,22,0,469,0,0
20,22,0,467,0,0
20,22,0,461,0,0
20,22,0,469,0,0
20,22,0,468,0,0
20,22,0,469,0,0
20,22,0,467,0,0
20,22,0,467,0,0
20,22,0,467,0,0
20,22,0,471,0,0
20,22,0,471,0,0
20,22,0,464,0,0
20,22,0,461,0,0
20,22,0,458,0,0
20,22,0,459,0,0
20,22,0,460,0,0
20,22,0,465,0,0
20,22,0,465,0,0
20,22,0,459,0,0
20,22,0,463,0,0
20,22,0,460,0,0
20,22,0,461,0,0
20,22,0,466,0,0
20,22,0,460,0,0
20,22,0,457,0,0
20,22,0,464,0,0
20,22,0,464,0,0
20,22,0,459,0,0
20,22,0,459,0,0
20,22,0,459,0,0
20,22,0,463,0,0
20,22,0,461,0,0
20,22,0,454,0,0
20,22,0,458,0,0
20,22,0,463,0,0
20,22,0,463,0,0
20,22,0,460,0,0
20,22,0,455,0,0
20,22,0,455,0,0
20,22,0,456,0,0
20,22,0,459,0,0
20,22,0,462,0,0
20,22,0,460,0,0
20,22,0,462,0,0
20,22,0,461,0,0
20,22,0,461,0,0
20,22,0,460,0,0
20,22,0,456,0,0
20,22,0,457,0,0
20,22,0,455,0,0
20,22,0,455,0,0
20,22,0,451,0,0
20,22,0,453,0,0
20,22,0,456,0,0
20,22,0,453,0,0
20,22,0,452,0,0
20,22,0,454,0,0
20,22,0,452,0,0
20,22,0,456,0,0
20,22,0,451,0,0
20,22,0,449,0,0
20,22,0,449,0,0
20,22,0,452,0,0
20,22,0,451,0,0
20,22,0,453,0,0
20,22,0,453,0,0
20,22,0,456,0,0
20,22,0,455,0,0
20,22,0,458,0,0
20,22,0,458,0,0
20,22,0,455,0,0
20,22,0,455,0,0
20,22,0,453,0,0
20,22,0,454,0,0
20,22,0,457,0,0
20,22,0,449,0,0
20,22,0,452,0,0
20,22,0,453,0,0
20,22,0,452,0,0
20,22,0,450,0,0
20,22,0,450,0,0
20,22,0,451,0,0
20,22,0,454,0,0
20,22,0,457,0,0
20,22,0,456,0,0
20,22,0,456,0,0
20,22,0,453,0,0
20,22,0,454,0,0
20,22,0,454,0,0
20,22,0,451,0,0
20,22,0,450,0,0
20,22,0,449,0,0
20,22,0,452,0,0
20,22,0,452,0,0
20,22,0,454,0,0
20,22,0,453,0,0
20,22,0,454,0,0
20,22,0,450,0,0
20,22,0,451,0,0
20,22,0,450,0,0
20,22,0,445,0,0
20,22,0,446,0,0
20,22,0,450,0,0
20,22,0,453,0,0
20,22,0,450,0,0
20,22,0,445,0,0
20,22,0,443,0,0
20,22,0,449,0,0
20,22,0,454,0,0
20,22,0,449,0,0
20,22,0,448,0,0
20,22,0,449,0,0
20,22,0,454,0,0
20,22,0,451,0,0
20,22,0,449,0,0
20,22,0,446,0,0
20,22,0,445,0,0
20,22,0,451,0,0
20,22,0,455,0,0
20,22,0,455,0,0
20,22,0,451,0,0
20,22,0,451,0,0
20,22,0,448,0,0
20,22,0,445,0,0
20,22,0,444,0,0
20,22,0,446,0,0
20,22,0,450,0,0
20,22,0,446,0,0
20,22,0,446,0,0
20,22,0,447,0,0
20,22,0,449,0,0
20,22,0,451,0,0
20,22,0,450,0,0
20,22,0,449,0,0
20,22,0,449,0,0
20,22,0,453,0,0
20,22,0,453,0,0
20,22,0,450,0,0
20,22,0,447,0,0
20,22,0,443,0,0
20,22,0,444,0,0
20,22,0,451,0,0
20,22,0,448,0,0
20,22,0,449,0,0
20,22,0,449,0,0
20,22,0,446,0,0
20,22,0,446,0,0
20,22,0,447,0,0
20,22,0,447,0,0
20,22,0,446,0,0
20,22,0,449,0,0
20,22,0,451,0,0
20,22,0,454,0,0
20,22,0,451,0,0
20,22,0,450,0,0
20,22,0,450,0,0
20,22,0,449,0,0
20,22,0,446,0,0
20,22,0,443,0,0
20,22,0,443,0,0
20,22,0,448,0,0
20,22,0,454,0,0
20,22,0,451,0,0
20,22,0,451,0,0
20,22,0,447,0,0
20,22,0,448,0,0
20,22,0,450,0,0
20,22,0,446,0,0
20,22,0,447,0,0
20,22,0,453,0,0
20,22,0,451,0,0
20,22,0,449,0,0
20,22,0,453,0,0
20,22,0,448,0,0
20,22,0,452,0,0
20,22,0,452,0,0
20,22,0,454,0,0
20,22,0,453,0,0
20,22,0,447,0,0
20,22,0,447,0,0
20,22,0,448,0,0
20,22,0,451,0,0
20,22,0,451,0,0
20,22,0,451,0,0
20,22,0,449,0,0
20,22,0,453,0,0
20,22,0,453,0,0
20,22,0,452,0,0
20,22,0,452,0,0
20,22,0,450,0,0
20,22,0,449,0,0
20,22,0,449,0,0
20,22,0,449,0,0
20,22,0,451,0,0
20,22,0,449,0,0
20,22,0,448,0,0
20,22,0,443,0,0
20,22,0,446,0,0
20,22,0,448,0,0
20,22,0,451,0,0
20,22,0,451,0,0
20,22,0,455,0,0
20,22,0,451,0,0
20,22,0,452,0,0
20,22,0,448,0,0
20,22,0,445,0,0
20,22,0,446,0,0
20,22,0,446,0,0
20,22,0,444,0,0
20,22,0,444,0,0
20,22,0,446,0,0
20,22,0,443,0,0
20,22,0,447,0,0
20,22,0,446,0,0
20,22,0,445,0,0
20,22,0,442,0,0
20,22,0,443,0,0
20,22,0,443,0,0
20,22,0,446,0,0
20,22,0,449,0,0
20,22,0,445,0,0
20,22,0,441,0,0
20,22,0,441,0,0
20,22,0,441,0,0
20,22,0,445,0,0
20,22,0,446,0,0
20,22,0,442,0,0
20,22,0,445,0,0
20,22,0,443,0,0
20,22,0,443,0,0
20,22,0,444,0,0
20,22,0,443,0,0
20,22,0,443,0,0
20,22,0,447,0,0
20,22,0,446,0,0
20,22,0,445,0,0
20,22,0,448,0,0
20,22,0,443,0,0
20,22,0,444,0,0
20,22,0,444,0,0
20,22,0,443,0,0
20,22,0,451,0,0
20,22,0,444,0,0
20,22,0,443,0,0
20,22,0,445,0,0
20,22,0,447,0,0
20,22,0,445,0,0
20,22,0,442,0,0
20,22,0,446,0,0
20,22,0,442,0,0
20,22,0,441,0,0
20,22,0,443,0,0
20,22,0,441,0,0
20,22,0,440,0,0
20,22,0,441,0,0
20,22,0,439,0,0
20,22,0,439,0,0
20,22,0,445,0,0
20,22,0,443,0,0
20,22,0,439,0,0
20,22,0,438,0,0
20,22,0,443,0,0
20,22,0,440,0,0
20,22,0,438,0,0
20,22,0,441,0,0
20,22,0,438,0,0
20,22,0,436,0,0
20,22,0,439,0,0
20,22,0,439,0,0
20,22,0,439,0,0
20,22,0,441,0,0
20,22,0,441,0,0
20,22,0,438,0,0
20,22,0,439,0,0
20,22,0,438,0,0
20,22,0,438,0,0
20,22,0,442,0,0
20,22,0,447,0,0
20,22,0,442,0,0
20,22,0,442,0,0
20,22,0,445,0,0
20,22,0,441,0,0
20,22,0,437,0,0
20,22,0,439,0,0
20,22,0,436,0,0
20,22,0,432,0,0
20,22,0,427,0,0
20,22,0,437,0,0
20,22,0,436,0,0
20,22,0,435,0,0
20,22,0,437,0,0
20,22,0,438,0,0
20,22,0,440,0,0
20,22,0,442,0,0
20,22,0,438,0,0
20,22,0,436,0,0
20,22,0,441,0,0
20,22,0,441,0,0
20,22,0,437,0,0
20,22,0,435,0,0
20,22,0,433,0,0
20,22,0,435,0,0
20,22,0,433,0,0
20,22,0,435,0,0
20,22,0,437,0,0
20,22,0,434,0,0
20,22,0,431,0,0
20,22,0,437,0,0
20,22,0,439,0,0
20,22,0,435,0,0
20,22,0,433,0,0
20,22,0,432,0,0
20,22,0,435,0,0
20,22,0,436,0,0
20,22,0,434,0,0
20,22,0,435,0,0
20,22,0,437,0,0
20,22,0,430,0,0
20,22,0,439,0,0
20,22,0,441,0,0
20,22,0,445,0,0
20,22,0,443,0,0
20,22,0,438,0,0
20,22,0,437,0,0
20,22,0,429,0,0
20,22,0,431,0,0
20,22,0,435,0,0
20,22,0,435,0,0
20,22,0,434,0,0
20,22,0,434,0,0
20,22,0,434,0,0
20,22,0,433,0,0
20,22,0,434,0,0
20,22,0,437,0,0
20,22,0,438,0,0
20,22,0,436,0,0
20,22,0,431,0,0
20,22,0,436,0,0
20,22,0,438,0,0
20,22,0,439,0,0
20,22,0,436,0,0
20,22,0,432,0,0
20,22,0,433,0,0
20,22,0,433,0,0
20,22,0,435,0,0
20,22,0,436,0,0
20,22,0,430,0,0
20,22,0,435,0,0
20,22,0,433,0,0
20,22,0,429,0,0
20,22,0,430,0,0
20,22,0,433,0,0
20,22,0,436,0,0
20,22,0,433,0,0
20,22,0,434,0,0
20,22,0,430,0,0
20,22,0,429,0,0
20,22,0,433,0,0
20,22,0,435,0,0
20,22,0,434,0,0
20,22,0,432,0,0
20,22,0,438,0,0
20,22,0,436,0,0
20,22,0,440,0,0
20,22,0,438,0,0
20,22,0,434,0,0
20,22,0,434,0,0
20,22,0,435,0,0
20,22,0,434,0,0
20,22,0,429,0,0
20,22,0,431,0,0
20,22,0,430,0,0
20,22,0,434,0,0
20,22,0,434,0,0
20,22,0,432,0,0
20,22,0,434,0,0
20,22,0,436,0,0
20,22,0,435,0,0
20,22,0,435,0,0
20,22,0,436,0,0
20,22,0,438,0,0
20,22,0,438,0,0
20,22,0,437,0,0
20,22,0,439,0,0
20,22,0,437,0,0
20,22,0,433,0,0
20,22,0,431,0,0
20,22,0,434,0,0
20,22,0,433,0,0
20,22,0,433,0,0
20,22,0,436,0,0
20,22,0,434,0,0
20,22,0,433,0,0
20,22,0,435,0,0
20,22,0,434,0,0
20,22,0,431,0,0
20,22,0,431,0,0
20,22,0,432,0,0
20,22,0,435,0,0
20,22,0,436,0,0
20,22,0,432,0,0
20,22,0,433,0,0
20,22,0,431,0,0
20,22,0,431,0,0
20,22,0,439,0,0
20,22,0,436,0,0
20,22,0,439,0,0
20,22,0,436,0,0
20,22,0,435,0,0
20,22,0,438,0,0
20,22,0,436,0,0
20,22,0,433,0,0
20,22,0,432,0,0
20,22,0,433,0,0
20,22,0,436,0,0
20,22,0,435,0,0
20,22,0,433,0,0
20,22,0,440,0,0
20,22,0,441,0,0
20,22,0,435,0,0
20,22,0,437,0,0
20,22,0,435,0,0
20,22,0,439,0,0
20,22,0,438,0,0
20,22,0,435,0,0
20,22,0,434,0,0
20,22,0,435,0,0
20,22,0,436,0,0
20,22,0,434,0,0
20,22,0,435,0,0
20,22,0,432,0,0
20,22,0,432,0,0
20,22,0,432,0,0
20,22,0,431,0,0
20,22,0,435,0,0
20,22,0,437,0,0
20,22,0,437,0,0
20,22,0,438,0,0
20,22,0,434,0,0
20,22,0,435,0,0
20,22,0,433,0,0
20,22,0,434,0,0
20,22,0,439,0,0
20,22,0,439,0,0
20,22,0,438,0,0
20,22,0,437,0,0
20,22,0,434,0,0
20,22,0,435,0,0
20,22,0,436,0,0
20,22,0,435,0,0
20,22,0,433,0,0
20,22,0,434,0,0
20,22,0,440,0,0
20,22,0,440,0,0
20,22,0,438,0,0
20,22,0,433,0,0
20,22,0,435,0,0
20,22,0,434,0,0
20,22,0,437,0,0
20,22,0,439,0,0
20,22,0,432,0,0
20,22,0,435,0,0
20,22,0,436,0,0
20,22,0,434,0,0
20,22,0,436,0,0
20,22,0,441,0,0
20,22,0,436,0,0
20,22,0,435,0,0
20,22,0,431,0,0
20,22,0,434,0,0
20,22,0,436,0,0
20,22,0,436,0,0
20,22,0,436,0,0
20,22,0,436,0,0
20,22,0,437,0,0
20,22,0,432,0,0
20,22,0,429,0,0
20,22,0,432,0,0
20,22,0,437,0,0
20,22,0,433,0,0
20,22,0,427,0,0
20,22,0,436,0,0
20,22,0,436,0,0
20,22,0,435,0,0
20,22,0,436,0,0
20,22,0,434,0,0
20,22,0,436,0,0
20,22,0,434,0,0
20,22,0,435,0,0
20,22,0,433,0,0
20,22,0,428,0,0
20,22,0,434,0,0
20,22,0,437,0,0
20,22,0,433,0,0
20,22,0,434,0,0
20,22,0,439,0,0
20,22,0,435,0,0
20,22,0,431,0,0
20,22,0,433,0,0
20,22,0,434,0,0
20,22,0,435,0,0
20,22,0,437,0,0
20,22,0,438,0,0
20,22,0,438,0,0
20,22,0,431,0,0
20,22,0,432,0,0
20,22,0,431,0,0
20,22,0,437,0,0
20,22,0,434,0,0
20,22,0,429,0,0
20,22,0,430,0,0
20,22,0,434,0,0
20,22,0,437,0,0
20,22,0,434,0,0
20,22,0,431,0,0
20,22,0,437,0,0
20,22,0,433,0,0
20,22,0,435,0,0
20,22,0,437,0,0
20,22,0,434,0,0
20,22,0,433,0,0
20,22,0,436,0,0
20,22,0,436,0,0
20,22,0,438,0,0
20,22,0,438,0,0
20,22,0,439,0,0
20,22,0,441,0,0
20,22,0,432,0,0
20,22,0,431,0,0
20,22,0,435,0,0
20,22,0,435,0,0
20,22,0,436,0,0
20,22,0,436,0,0
20,22,0,439,0,0
20,22,0,435,0,0
20,22,0,431,0,0
20,22,0,435,0,0
20,22,0,439,0,0
20,22,0,431,0,0
20,22,0,431,0,0
20,22,0,431,0,0
20,22,0,437,0,0
20,22,0,436,0,0
20,22,0,432,0,0
20,22,0,433,0,0
20,22,0,434,0,0
20,22,0,436,0,0
20,22,0,438,0,0
20,22,0,439,0,0
20,22,0,441,0,0
20,22,0,435,0,0
20,22,0,433,0,0
20,22,0,439,0,0
20,22,0,442,0,0
20,22,0,445,0,0
20,22,0,440,0,0
20,22,0,440,0,0
20,22,0,440,0,0
20,22,0,439,0,0
20,22,0,441,0,0
20,22,0,440,0,0
20,22,0,437,0,0
20,22,0,439,0,0
20,22,0,438,0,0
20,22,0,438,0,0
20,22,0,440,0,0
20,22,0,445,0,0
20,22,0,442,0,0
20,22,0,439,0,0
20,22,0,434,0,0
20,22,0,437,0,0
20,22,0,440,0,0
20,22,0,438,0,0
20,22,217,441,0,1
20,22,413,442,0,1
20,22,433,445,0,1
20,23,419,453,0,0
20,23,419,459,0,0
20,23,419,470,0,0
20,23,416,466,0,0
20,23,415,470,0,1
20,23,412,476,0,1
20,23,412,473,0,1
20,23,413,473,0,1
20,23,403,479,0,1
20,23,397,494,0,1
20,23,399,498,0,1
20,23,397,501,0,1
20,23,398,507,0,1
20,23,399,518,0,1
20,23,403,520,0,1
20,23,407,523,0,1
20,23,412,525,0,1
20,24,413,531,0,1
20,24,414,538,0,1
20,24,412,536,0,1
20,24,413,538,0,1
20,24,412,541,0,1
20,24,407,549,0,1
20,24,407,555,0,1
20,24,405,561,0,1
20,24,405,569,0,1
20,24,405,568,0,1
20,24,412,572,0,1
20,24,416,573,0,1
20,24,419,583,0,1
20,24,419,585,0,1
20,24,419,584,0,1
20,24,419,584,0,1
20,24,419,591,0,1
20,24,419,594,0,1
20,24,419,600,0,1
20,24,419,601,0,1
20,24,419,606,0,1
20,24,419,608,0,1
20,24,419,616,0,1
20,24,419,624,0,1
20,24,419,625,0,1
20,24,419,628,0,1
20,24,419,635,0,1
20,24,419,640,0,1
20,24,421,642,0,1
20,24,422,643,0,1
20,24,427,643,0,1
20,24,433,645,0,1
20,24,433,652,0,1
20,24,433,658,0,1
20,24,433,665,0,1
20,24,433,666,0,1
20,24,433,666,0,1
20,24,433,668,0,1
20,24,433,668,0,1
20,24,433,672,0,1
20,24,433,672,0,1
20,24,433,679,0,1
20,24,433,683,0,1
20,24,440,688,0,1
20,24,434,686,0,1
20,24,435,689,0,1
20,24,443,700,0,1
20,24,439,697,0,1
20,24,439,695,0,1
20,24,441,697,0,1
20,24,442,701,0,1
20,24,441,700,0,1
20,24,441,694,0,1
20,24,442,709,0,1
20,24,435,715,0,1
20,24,435,715,0,1
20,24,429,713,0,1
20,24,429,709,0,1
20,24,429,716,0,1
20,24,429,716,0,1
20,24,432,725,0,1
20,24,429,725,0,1
20,24,435,727,0,1
20,25,435,729,0,1
20,25,441,730,0,1
20,25,438,731,0,1
20,25,444,736,0,1
20,25,441,741,0,1
21,24,444,742,0,1
21,24,444,742,0,1
21,24,444,746,0,1
21,24,444,745,0,1
21,24,444,742,0,1
21,24,444,740,0,1
21,24,444,747,0,0
21,24,444,745,0,0
21,25,444,752,0,1
21,25,446,751,0,1
21,24,449,750,0,1
21,25,454,754,0,1
21,25,448,765,0,1
21,25,454,782,0,1
21,25,453,786,0,1
21,25,451,792,0,1
21,25,453,800,0,1
21,25,454,804,0,1
21,26,449,815,0,1
21,26,460,829,0,1
21,26,442,837,0,1
21,26,439,849,0,1
21,26,439,853,0,1
21,26,439,863,0,1
21,26,442,864,0,1
21,26,449,871,0,1
21,26,454,872,0,1
21,26,454,876,0,1
21,26,454,890,0,1
21,26,454,895,0,1
21,26,454,901,0,1
21,26,454,910,0,1
21,26,454,918,0,1
21,26,454,923,0,1
21,26,454,926,0,1
21,26,454,925,0,1
21,26,463,927,0,1
21,26,457,935,0,1
21,26,463,932,0,1
21,26,464,935,0,1
21,27,469,946,0,1
21,27,461,952,0,1
21,27,462,959,0,1
21,27,461,967,0,1
21,27,464,969,0,1
21,27,464,982,0,1
21,27,462,983,0,1
21,27,453,985,0,1
21,27,453,996,0,1
21,27,449,1004,0,1
21,27,458,1004,0,1
21,27,460,1009,0,1
21,27,461,1019,0,1
21,27,464,1034,0,1
21,27,464,1035,0,1
21,27,464,1031,0,1
21,27,467,1028,0,1
21,27,473,1030,0,1
21,27,479,1032,0,1
21,27,479,1033,0,1
21,27,479,1045,0,1
21,27,474,1040,0,1
21,27,472,1044,0,1
21,27,477,1041,0,1
21,27,476,1045,0,1
21,27,479,1054,0,1
21,27,474,1054,0,1
21,27,474,1069,0,1
21,27,474,1073,0,1
21,27,474,1073,0,1
21,28,474,1076,0,1
21,27,474,1086,0,1
21,27,484,1086,0,1
21,27,479,1078,0,1
21,27,483,1077,0,1
21,27,489,1080,0,1
21,27,489,1088,0,1
21,27,489,1083,0,1
21,27,482,1076,0,1
21,27,480,1079,0,1
21,28,495,1088,0,1
21,27,484,1092,0,1
21,27,484,1094,0,1
21,27,484,1091,0,1
21,28,484,1101,0,1
21,28,484,1111,0,1
21,28,484,1119,0,1
21,28,484,1122,0,1
21,28,495,1127,0,1
21,28,499,1131,0,1
21,28,499,1127,0,1
21,28,499,1128,0,1
21,28,499,1123,0,1
21,28,490,1127,0,1
21,28,502,1148,0,1
21,28,493,1151,0,1
21,28,493,1142,0,1
21,28,493,1142,0,1
21,28,495,1146,0,1
21,28,499,1142,0,1
21,28,509,1159,0,1
21,28,500,1168,0,1
21,28,506,1181,0,1
21,28,510,1180,0,1
21,28,503,1183,0,1
21,28,503,1189,0,1
21,28,503,1190,0,1
21,28,512,1178,0,1
21,28,518,1173,0,1
21,28,518,1170,0,1
21,28,518,1178,0,1
21,28,513,1193,0,1
21,28,513,1201,0,1
21,28,511,1189,0,1
21,28,518,1190,0,1
21,28,513,1172,0,1
21,28,513,1177,0,1
21,28,519,1184,0,1
22,28,528,1188,0,1
21,28,528,1189,0,1
21,28,528,1191,0,1
21,28,532,1193,0,1
22,28,534,1190,0,1
22,28,528,1198,0,1
22,28,523,1198,0,1
22,28,526,1194,0,1
22,28,534,1185,0,1
22,28,538,1194,0,1
22,28,538,1193,0,1
22,28,538,1190,0,1
22,28,532,1192,0,1
22,28,547,1200,0,1
22,28,544,1198,0,1
22,28,536,1197,0,1
22,28,535,1197,0,1
22,28,534,1203,0,1
22,28,533,1206,0,1
22,28,533,1207,0,1
22,28,535,1213,0,1
22,28,547,1211,0,1
22,28,553,1208,0,1
22,28,550,1209,0,1
22,28,543,1201,0,1
22,28,550,1189,0,1
22,28,555,1191,0,1
22,28,555,1192,0,1
22,28,557,1184,0,1
22,28,555,1176,0,1
22,28,557,1175,0,1
22,27,556,1173,0,1
22,27,555,1170,0,1
22,27,555,1170,0,1
22,27,555,1168,0,1
22,27,555,1160,0,1
22,27,546,1161,0,1
22,27,538,1166,0,1
22,27,543,1164,0,1
22,27,550,1157,0,1
22,27,543,1148,0,1
22,27,547,1153,0,1
22,27,544,1152,0,1
22,27,543,1147,0,1
22,27,544,1147,0,1
22,27,548,1144,0,1
22,27,535,1137,0,0
22,27,543,1133,0,1
22,27,538,1121,0,1
22,27,549,1110,0,1
22,27,547,1093,0,1
22,27,538,1093,0,1
22,27,549,1102,0,1
22,27,548,1104,0,1
22,27,543,1101,0,1
22,27,548,1098,0,1
22,27,555,1092,0,1
22,27,555,1094,0,1
22,27,556,1092,0,1
22,27,556,1081,0,1
22,27,562,1077,0,1
22,27,555,1074,0,1
22,27,558,1072,0,1
22,27,563,1070,0,1
22,27,570,1071,0,1
22,27,565,1078,0,1
22,27,553,1071,0,1
22,27,561,1066,0,1
22,27,562,1068,0,1
22,27,560,1064,0,1
22,27,559,1060,0,1
22,27,569,1061,0,1
22,27,581,1057,0,1
22,27,593,1057,0,1
22,27,601,1065,0,1
22,27,600,1064,0,1
22,27,616,1061,0,1
22,27,603,1064,0,0
22,27,587,1065,0,0
22,27,575,1050,0,0
22,27,579,1045,0,1
22,27,584,1049,0,1
22,27,609,1041,0,1
22,27,625,1038,0,1
22,26,629,1035,0,1
22,27,617,1040,0,1
22,27,624,1036,0,1
22,26,641,1033,0,1
22,26,659,1037,0,1
22,26,644,1031,0,1
22,26,653,1033,0,1
22,26,659,1032,0,1
22,26,660,1030,0,1
22,26,668,1033,0,1
22,26,652,1030,0,1
22,26,652,1028,0,1
22,26,654,1020,0,1
22,26,656,1023,0,1
22,26,650,1021,0,1
22,26,663,1014,0,1
22,26,651,1017,0,1
22,26,648,1014,0,1
22,26,651,1022,0,1
22,26,651,1027,0,1
22,26,651,1022,0,1
22,26,657,1019,0,1
22,26,668,1020,0,1
22,26,668,1015,0,1
22,26,663,1016,0,1
22,26,664,1011,0,1
22,26,668,1018,0,1
23,26,662,1006,0,1
22,26,647,1008,0,1
23,26,651,1009,0,1
23,26,651,1006,0,1
23,26,650,1004,0,1
23,26,653,999,0,1
23,26,660,994,0,1
23,26,656,992,0,1
23,26,660,995,0,1
23,26,655,994,0,1
23,26,660,990,0,1
23,26,655,993,0,1
23,26,650,998,0,1
23,26,651,997,0,1
23,25,653,992,0,1
23,25,653,996,0,1
23,25,659,993,0,1
23,25,338,997,0,0
23,25,197,996,0,0
23,25,184,998,0,0
23,25,173,993,0,0
23,25,193,994,0,0
23,25,193,990,0,0
23,25,178,984,0,0
23,25,184,983,0,0
23,25,186,983,0,0
23,25,178,974,0,0
23,25,178,961,0,0
23,25,173,954,0,0
23,25,174,951,0,0
23,25,169,952,0,0
23,25,168,946,0,0
23,25,171,942,0,0
23,25,176,933,0,0
23,25,176,928,0,0
23,25,177,924,0,0
23,25,171,918,0,0
23,25,171,912,0,0
23,25,171,907,0,0
23,25,268,899,0,0
23,25,538,917,0,1
23,25,627,919,0,0
23,25,638,938,0,0
23,25,634,922,0,0
23,25,629,899,0,0
23,25,557,895,0,0
23,25,547,899,0,1
23,25,543,894,0,1
23,25,561,880,0,1
23,25,597,879,0,1
23,25,561,870,0,1
23,25,598,866,0,1
23,25,609,866,0,1
23,25,587,869,0,1
23,25,596,874,0,1
23,25,595,877,0,1
23,25,608,879,0,1
23,25,611,875,0,1
23,25,610,881,0,1
23,25,616,882,0,1
23,25,608,883,0,1
23,25,609,884,0,1
23,25,599,888,0,1
23,25,594,889,0,1
23,25,585,895,0,1
23,25,584,894,0,1
23,25,592,898,0,1
23,25,586,898,0,1
23,25,585,898,0,1
23,25,576,901,0,1
23,25,566,900,0,1
23,25,560,898,0,1
23,25,566,895,0,1
23,25,569,892,0,1
23,26,561,911,0,1
23,25,561,912,0,1
23,25,561,913,0,1
23,26,558,921,0,1
23,26,555,929,0,1
23,26,558,951,0,1
23,26,546,956,0,1
23,26,546,968,0,1
23,26,542,966,0,1
23,26,544,971,0,1
23,26,541,983,0,1
23,26,538,993,0,1
23,27,538,999,0,1
23,27,538,1005,0,1
23,27,534,1013,0,1
23,27,538,1019,0,1
23,27,531,1023,0,1
23,27,526,1027,0,1
23,27,526,1038,0,1
23,27,519,1049,0,1
23,27,505,1051,0,1
23,27,493,1056,0,1
23,27,503,1054,0,1
23,27,496,1066,0,1
23,27,513,1074,0,1
23,27,520,1068,0,1
23,27,528,1075,0,1
23,27,516,1085,0,1
23,27,513,1096,0,1
23,28,503,1099,0,1
23,28,503,1108,0,1
23,28,498,1117,0,1
23,28,481,1116,0,1
23,28,484,1120,0,1
23,28,483,1120,0,1
23,28,485,1129,0,1
23,28,478,1132,0,1
23,28,478,1132,0,1
23,28,474,1142,0,1
23,28,473,1152,0,1
23,28,474,1156,0,1
23,28,479,1159,0,1
23,28,476,1160,0,1
23,28,467,1160,0,1
23,28,464,1167,0,1
23,29,464,1171,0,1
23,29,464,1175,0,1
23,29,453,1181,0,1
23,29,464,1192,0,1
23,29,464,1197,0,1
23,29,461,1198,0,1
23,29,464,1196,0,1
23,29,464,1203,0,1
23,29,469,1209,0,1
23,29,469,1212,0,1
23,29,463,1219,0,1
23,29,465,1218,0,1
23,29,466,1221,0,1
23,29,469,1219,0,1
23,29,466,1224,0,1
23,29,469,1233,0,1
23,29,469,1235,0,1
23,29,469,1239,0,1
23,29,465,1245,0,1
23,29,464,1247,0,1
23,29,469,1246,0,1
23,29,462,1245,0,1
23,30,465,1254,0,1
23,30,461,1261,0,1
23,30,464,1261,0,1
23,30,462,1263,0,1
23,30,461,1270,0,1
23,30,464,1273,0,1
23,30,461,1280,0,1
23,30,469,1284,0,1
23,30,462,1285,0,1
23,30,462,1290,0,1
22,30,460,1294,0,1
22,30,464,1294,0,1
22,30,461,1301,0,1
22,30,462,1313,0,1
22,30,464,1312,0,1
22,30,469,1311,0,1
22,30,469,1317,0,1
22,30,469,1327,0,1
22,30,469,1330,0,1
22,30,466,1330,0,1
22,30,465,1328,0,1
22,30,456,1330,0,1
22,30,454,1321,0,1
22,30,454,1321,0,1
22,30,454,1331,0,1
22,30,454,1336,0,1
22,30,454,1340,0,1
22,30,454,1350,0,1
22,30,454,1356,0,1
22,30,454,1351,0,1
22,30,454,1360,0,1
22,30,454,1364,0,1
22,30,454,1363,0,1
22,30,454,1363,0,1
22,30,454,1367,0,1
22,30,454,1368,0,1
22,30,454,1365,0,1
22,30,454,1361,0,1
22,30,465,1372,0,1
22,30,465,1385,0,1
22,30,469,1386,0,1
22,30,469,1393,0,1
22,30,469,1393,0,1
22,30,460,1389,0,1
22,30,454,1385,0,1
22,30,454,1377,0,1
22,30,454,1383,0,1
22,30,442,1388,0,1
22,30,449,1377,0,1
22,30,451,1374,0,1
22,30,451,1377,0,1
22,30,456,1373,0,1
22,30,444,1372,0,1
22,30,444,1376,0,1
22,30,444,1361,0,1
22,30,444,1356,0,1
22,30,444,1363,0,1
22,30,444,1363,0,1
22,30,444,1363,0,1
22,30,444,1369,0,1
22,30,444,1366,0,1
22,30,444,1372,0,1
22,30,444,1361,0,1
22,30,444,1367,0,1
22,30,444,1359,0,1
22,30,444,1363,0,1
22,30,444,1353,0,1
22,31,444,1356,0,1
22,31,444,1363,0,1
22,31,444,1364,0,1
22,31,444,1373,0,1
22,31,440,1374,0,1
22,31,444,1369,0,1
22,31,444,1360,0,1
22,31,441,1359,0,1
22,31,447,1366,0,1
22,31,439,1377,0,1
22,31,441,1379,0,1
22,31,442,1379,0,1
22,31,442,1381,0,1
22,31,438,1381,0,1
22,31,441,1374,0,1
22,31,441,1372,0,1
22,31,442,1369,0,1
22,31,443,1368,0,1
22,31,441,1368,0,1
22,31,441,1365,0,1
22,31,441,1370,0,1
22,31,441,1366,0,1
22,31,442,1373,0,1
22,31,438,1378,0,1
22,31,441,1377,0,1
22,31,447,1401,0,1
22,31,442,1395,0,1
22,31,447,1401,0,1
22,31,444,1400,0,1
22,31,447,1394,0,1
22,31,447,1394,0,1
22,31,447,1389,0,1
22,31,447,1377,0,1
22,31,447,1387,0,1
22,31,439,1393,0,1
22,31,447,1393,0,1
22,31,441,1392,0,1
22,31,438,1394,0,1
22,31,440,1396,0,1
22,31,443,1390,0,1
22,31,436,1397,0,1
22,31,433,1398,0,1
22,31,433,1402,0,1
22,31,433,1398,0,1
22,31,433,1384,0,1
22,31,433,1387,0,1
22,31,433,1392,0,1
22,31,433,1384,0,1
22,31,433,1388,0,1
22,31,433,1384,0,1
22,31,433,1373,0,1
22,31,433,1368,0,1
22,31,433,1364,0,1
22,31,433,1357,0,1
22,31,433,1352,0,1
22,31,433,1357,0,1
22,31,433,1361,0,1
22,31,433,1356,0,1
22,31,433,1344,0,1
22,31,433,1357,0,1
22,31,433,1355,0,1
22,31,433,1354,0,1
22,31,433,1343,0,1
22,31,433,1334,0,1
22,30,433,1340,0,1
22,30,433,1336,0,1
22,31,433,1335,0,1
22,31,433,1342,0,1
22,31,433,1348,0,1
22,31,433,1353,0,1
22,30,433,1339,0,1
22,30,433,1338,0,1
22,30,433,1347,0,1
22,30,433,1338,0,1
22,30,433,1318,0,1
22,30,433,1311,0,1
22,30,433,1306,0,1
22,30,433,1316,0,1
22,30,433,1306,0,1
22,30,429,1300,0,1
22,30,433,1298,0,1
22,30,424,1298,0,1
22,30,426,1292,0,1
22,30,426,1288,0,1
22,30,433,1299,0,1
22,30,423,1285,0,1
22,30,426,1286,0,1
22,30,419,1284,0,1
22,30,422,1275,0,1
22,30,419,1273,0,1
22,30,419,1271,0,1
22,30,419,1273,0,1
22,30,419,1261,0,1
22,30,419,1258,0,1
22,30,419,1251,0,1
22,30,419,1241,0,1
22,30,419,1238,0,1
22,30,419,1246,0,1
22,30,419,1240,0,1
22,30,419,1240,0,1
22,30,426,1239,0,1
22,30,422,1235,0,1
22,30,424,1229,0,1
22,30,419,1220,0,1
22,30,419,1214,0,1
22,30,419,1214,0,1
22,30,419,1217,0,1
22,30,419,1211,0,1
22,30,419,1217,0,1
22,30,415,1211,0,1
22,30,419,1207,0,1
22,30,419,1204,0,1
22,30,0,1205,0,0
22,30,0,1204,0,0
22,30,0,1196,0,0
22,30,0,1191,0,0
22,30,0,1184,0,0
22,30,0,1189,0,0
22,30,0,1186,0,0
22,30,0,1180,0,0
22,30,0,1172,0,0
22,30,0,1164,0,0
22,30,0,1160,0,0
22,30,0,1143,0,0
22,29,0,1139,0,0
22,29,0,1138,0,0
22,29,0,1135,0,0
22,29,0,1124,0,0
22,29,0,1119,0,0
22,29,0,1110,0,0
22,29,0,1105,0,0
22,29,0,1096,0,0
22,29,0,1092,0,0
22,29,0,1092,0,0
22,29,0,1085,0,0
22,29,0,1074,0,0
22,29,0,1066,0,0
22,29,0,1058,0,0
21,29,0,1050,0,0
21,29,0,1044,0,0
21,29,0,1039,0,0
21,29,0,1030,0,0
21,29,0,1030,0,0
21,29,0,1032,0,0
21,29,0,1021,0,0
21,29,0,1018,0,0
21,29,0,1008,0,0
21,29,0,1003,0,0
21,29,0,989,0,0
21,29,0,992,0,0
21,28,0,985,0,0
21,28,0,989,0,0
21,28,0,983,0,0
21,28,0,976,0,0
21,28,0,970,0,0
21,28,0,961,0,0
21,28,0,958,0,0
21,28,0,954,0,0
21,28,0,950,0,0
21,28,0,942,0,0
21,28,0,938,0,0
21,28,0,941,0,0
21,28,0,944,0,0
21,28,0,938,0,0
21,28,0,934,0,0
21,28,0,936,0,0
21,28,0,926,0,0
21,28,0,920,0,0
21,28,0,920,0,0
21,28,0,911,0,0
21,28,0,905,0,0
21,28,0,904,0,0
21,28,0,899,0,0
21,28,0,898,0,0
21,28,0,898,0,0
21,28,0,895,0,0
21,28,0,891,0,0
21,28,0,887,0,0
21,28,0,885,0,0
21,28,0,876,0,0
21,28,0,871,0,0
21,28,0,863,0,0
21,28,0,865,0,0
21,28,0,859,0,0
21,28,0,858,0,0
21,28,0,852,0,0
21,28,0,849,0,0
21,28,0,849,0,0
21,28,0,845,0,0
21,28,0,844,0,0
21,28,0,843,0,0
21,28,0,842,0,0
21,28,0,833,0,0
21,28,0,832,0,0
21,27,0,825,0,0
21,27,0,820,0,0
21,27,0,824,0,0
21,27,0,819,0,0
21,27,0,820,0,0
21,27,0,817,0,0
21,27,0,808,0,0
21,27,0,806,0,0
21,27,0,804,0,0
21,27,0,803,0,0
21,27,0,806,0,0
21,27,0,801,0,0
21,27,0,802,0,0
21,27,0,803,0,0
21,27,0,800,0,0
21,27,0,795,0,0
21,27,0,785,0,0
21,27,0,781,0,0
21,27,0,782,0,0
21,27,0,778,0,0
21,27,0,772,0,0
21,27,0,770,0,0
21,27,0,769,0,0
21,27,0,767,0,0
21,27,0,764,0,0
21,27,0,765,0,0
21,27,0,765,0,0
21,27,0,766,0,0
21,27,0,758,0,0
21,27,0,749,0,0
21,27,0,749,0,0
21,27,0,747,0,0
21,27,0,744,0,0
21,27,0,746,0,0
21,27,0,750,0,0
21,27,0,747,0,0
21,27,0,750,0,0
21,27,0,742,0,0
21,27,0,737,0,0
21,27,0,736,0,0
21,27,0,738,0,0
21,27,0,732,0,0
21,27,0,725,0,0
21,27,0,729,0,0
21,27,0,727,0,0
21,27,0,716,0,0
21,27,0,715,0,0
21,27,0,712,0,0
21,27,0,719,0,0
21,27,0,714,0,0
21,27,0,711,0,0
21,27,0,702,0,0
21,27,0,701,0,0
21,27,0,703,0,0
21,27,0,707,0,0
21,27,0,703,0,0
21,27,0,699,0,0
21,27,0,697,0,0
21,27,0,696,0,0
21,27,0,692,0,0
21,27,0,692,0,0
21,26,0,695,0,0
21,26,0,690,0,0
21,26,0,689,0,0
21,26,0,692,0,0
21,26,0,691,0,0
21,26,0,687,0,0
21,26,0,682,0,0
21,26,0,677,0,0
21,26,0,677,0,0
21,26,0,684,0,0
21,26,0,682,0,0
21,26,0,675,0,0
21,26,0,669,0,0
21,26,0,668,0,0
21,26,0,671,0,0
21,26,0,674,0,0
21,26,0,673,0,0
21,26,0,671,0,0
21,26,0,670,0,0
21,26,0,669,0,0
21,26,0,663,0,0
21,26,0,665,0,0
21,26,0,661,0,0
21,26,0,657,0,0
21,26,0,652,0,0
21,26,0,653,0,0
21,26,0,656,0,0
21,26,0,651,0,0
21,26,0,648,0,0
21,26,0,652,0,0
21,26,0,642,0,0
21,26,0,643,0,0
21,26,0,649,0,0
21,26,0,649,0,0
21,26,0,646,0,0
21,26,0,643,0,0
21,26,0,640,0,0
21,26,0,640,0,0
21,26,0,636,0,0
21,26,0,634,0,0
21,26,0,633,0,0
21,26,0,632,0,0
21,26,0,626,0,0
21,26,0,628,0,0
21,26,0,629,0,0
21,26,0,630,0,0
21,26,0,631,0,0
21,26,0,629,0,0
21,26,0,627,0,0
21,26,0,624,0,0
21,26,0,625,0,0
21,26,0,624,0,0
21,26,0,622,0,0
21,26,0,622,0,0
21,26,0,619,0,0
21,26,0,616,0,0
21,26,0,617,0,0
21,26,0,616,0,0
21,26,0,616,0,0
21,26,0,614,0,0
21,26,0,611,0,0
21,26,0,613,0,0
21,26,0,608,0,0
21,26,0,611,0,0
21,26,0,612,0,0
21,26,0,608,0,0
21,26,0,612,0,0
21,26,0,604,0,0
21,26,0,607,0,0
21,26,0,614,0,0
21,26,0,612,0,0
21,26,0,607,0,0
21,26,0,602,0,0
21,26,0,605,0,0
21,26,0,606,0,0
21,26,0,602,0,0
21,25,0,600,0,0
21,26,0,600,0,0
21,26,0,601,0,0
21,25,0,600,0,0
21,25,0,604,0,0
21,25,0,606,0,0
20,25,0,602,0,0
21,25,0,596,0,0
21,25,0,596,0,0
21,25,0,594,0,0
20,25,0,596,0,0
20,25,0,596,0,0
20,25,0,597,0,0
21,25,0,594,0,0
21,25,0,591,0,0
20,25,0,594,0,0
20,25,0,588,0,0
20,25,0,585,0,0
20,25,0,585,0,0
20,25,0,582,0,0
20,25,0,580,0,0
20,25,0,585,0,0
20,25,0,584,0,0
20,25,0,583,0,0
20,25,0,584,0,0
20,25,0,581,0,0
20,25,0,576,0,0
20,25,0,579,0,0
20,25,0,581,0,0
20,25,0,582,0,0
20,25,0,579,0,0
20,25,0,578,0,0
20,25,0,578,0,0
20,25,0,580,0,0
20,25,0,577,0,0
20,25,0,582,0,0
20,25,0,584,0,0
20,25,0,582,0,0
20,25,0,578,0,0
20,25,0,575,0,0
20,25,0,577,0,0
20,25,0,577,0,0
20,25,0,572,0,0
20,25,0,576,0,0
20,25,0,579,0,0
20,25,0,571,0,0
20,25,0,573,0,0
20,25,0,573,0,0
20,25,0,572,0,0
20,25,0,573,0,0
20,25,0,571,0,0
20,25,0,573,0,0
20,25,0,570,0,0
20,25,0,568,0,0
20,25,0,573,0,0
20,25,0,569,0,0
20,25,0,575,0,0
20,25,0,578,0,0
20,25,0,572,0,0
20,25,0,569,0,0
20,25,0,566,0,0
20,25,0,567,0,0
20,25,0,570,0,0
20,25,0,575,0,0
20,25,0,570,0,0
20,25,0,565,0,0
20,25,0,569,0,0
20,25,0,567,0,0
20,25,0,567,0,0
20,25,0,566,0,0
20,25,0,565,0,0
20,25,0,564,0,0
20,25,0,562,0,0
20,25,0,561,0,0
20,25,0,561,0,0
20,25,0,566,0,0
20,25,0,563,0,0
20,25,0,566,0,0
20,25,0,563,0,0
20,25,0,564,0,0
20,25,0,562,0,0
20,25,0,560,0,0
20,25,0,558,0,0
20,25,0,558,0,0
20,25,0,558,0,0
20,25,0,561,0,0
20,25,0,558,0,0
20,25,0,557,0,0
20,25,0,559,0,0
20,25,0,561,0,0
20,25,0,563,0,0
20,25,0,559,0,0
20,25,0,559,0,0
20,25,0,561,0,0
20,25,0,563,0,0
20,25,0,560,0,0
20,25,0,558,0,0
20,25,0,556,0,0
20,25,0,556,0,0
20,25,0,558,0,0
20,25,0,556,0,0
20,25,0,557,0,0
20,25,0,556,0,0
20,25,0,548,0,0
20,25,0,550,0,0
20,25,0,554,0,0
20,25,0,555,0,0
20,25,0,555,0,0
20,25,0,556,0,0
20,25,0,558,0,0
20,25,0,558,0,0
20,25,0,558,0,0
20,25,0,556,0,0
20,25,0,554,0,0
20,25,0,555,0,0
20,25,0,558,0,0
20,25,0,554,0,0
20,25,0,549,0,0
20,24,0,558,0,0
20,24,0,558,0,0
20,24,0,558,0,0
20,24,0,547,0,0
20,24,0,553,0,0
20,24,0,547,0,0
20,24,0,547,0,0
20,24,0,551,0,0
20,24,0,554,0,0
20,24,0,550,0,0
20,24,0,553,0,0
20,24,0,552,0,0
20,24,0,554,0,0
20,24,0,547,0,0
20,24,0,542,0,0
20,24,0,544,0,0
20,24,0,547,0,0
20,24,0,552,0,0
20,25,0,556,0,0
20,24,0,551,0,0
20,24,0,553,0,0
20,24,0,551,0,0
20,24,0,552,0,0
20,24,0,553,0,0
20,24,0,545,0,0
20,24,0,547,0,0
20,24,0,548,0,0
20,24,0,549,0,0
20,25,0,549,0,0
20,24,0,545,0,0
20,24,0,543,0,0
20,24,0,545,0,0
20,24,0,547,0,0
20,25,0,548,0,0
20,25,0,542,0,0
20,24,0,537,0,0
20,24,0,541,0,0
20,24,0,545,0,0
20,24,0,541,0,0
20,24,0,535,0,0
20,25,0,536,0,0
20,24,0,543,0,0
20,24,0,542,0,0
20,24,0,537,0,0
20,24,0,538,0,0
20,24,0,542,0,0
20,24,0,542,0,0
20,24,0,545,0,0
20,24,0,543,0,0
20,24,0,539,0,0
20,24,0,540,0,0
20,24,0,538,0,0
20,24,0,538,0,0
20,24,0,538,0,0
20,24,0,541,0,0
20,24,0,537,0,0
20,24,0,537,0,0
20,24,0,541,0,0
20,25,0,534,0,0
20,25,0,532,0,0
20,25,0,531,0,0
20,25,0,532,0,0
20,25,0,532,0,0
20,24,0,533,0,0
20,25,0,531,0,0
20,25,0,534,0,0
20,25,0,535,0,0
20,25,0,529,0,0
20,25,0,532,0,0
20,25,0,531,0,0
20,25,0,529,0,0
20,25,0,528,0,0
20,25,0,528,0,0
20,25,0,526,0,0
20,25,0,526,0,0
20,24,0,529,0,0
20,24,0,528,0,0
20,24,0,526,0,0
20,24,0,525,0,0
20,24,0,524,0,0
20,24,0,523,0,0
20,24,0,526,0,0
20,24,0,523,0,0
20,24,0,524,0,0
20,24,0,521,0,0
20,24,0,518,0,0
20,24,0,520,0,0
20,24,0,527,0,0
20,24,0,526,0,0
20,24,0,519,0,0
20,24,0,518,0,0
20,24,0,520,0,0
20,24,0,521,0,0
20,24,0,523,0,0
20,24,0,520,0,0
20,24,0,519,0,0
20,24,0,516,0,0
20,25,0,518,0,0
20,25,0,519,0,0
20,25,0,515,0,0
20,25,0,516,0,0
20,25,0,519,0,0
20,25,0,522,0,0
20,25,0,514,0,0
20,25,0,513,0,0
20,25,0,515,0,0
20,25,0,519,0,0
20,25,0,518,0,0
20,25,0,517,0,0
20,25,0,509,0,0
20,25,0,513,0,0
20,25,0,511,0,0
20,25,0,512,0,0
20,25,0,515,0,0
20,25,0,511,0,0
20,25,0,511,0,0
20,25,0,509,0,0
20,25,0,513,0,0
20,25,0,508,0,0
20,25,0,510,0,0
20,25,0,509,0,0
20,25,0,508,0,0
20,25,0,511,0,0
20,25,0,513,0,0
20,25,0,509,0,0
20,25,0,509,0,0
20,25,0,509,0,0
20,25,0,510,0,0
20,25,0,512,0,0
20,25,0,509,0,0
20,25,0,508,0,0
20,25,0,502,0,0
20,25,0,502,0,0
20,25,0,505,0,0
20,25,0,505,0,0
20,25,0,500,0,0
20,25,0,500,0,0
20,25,0,499,0,0
20,25,0,501,0,0
20,25,0,501,0,0
20,25,0,502,0,0
20,25,0,496,0,0
20,25,0,495,0,0
20,25,0,497,0,0
20,25,0,497,0,0
20,25,0,497,0,0
20,25,0,503,0,0
20,25,0,500,0,0
20,25,0,494,0,0
20,25,0,492,0,0
20,25,0,492,0,0
20,25,0,497,0,0
20,25,0,498,0,0
20,25,0,498,0,0
20,25,0,498,0,0
20,25,0,495,0,0
20,25,0,490,0,0
20,25,0,487,0,0
20,25,0,491,0,0
20,25,0,491,0,0
20,25,0,493,0,0
20,25,0,493,0,0
20,25,0,493,0,0
20,25,0,491,0,0
20,25,0,492,0,0
20,25,0,496,0,0
20,25,0,493,0,0
20,25,0,491,0,0
20,25,0,494,0,0
20,25,0,494,0,0
20,25,0,493,0,0
20,25,0,495,0,0
20,25,0,492,0,0
20,25,0,486,0,0
20,25,0,493,0,0
20,25,0,494,0,0
20,25,0,490,0,0
20,25,0,490,0,0
20,25,0,490,0,0
20,25,0,498,0,0
20,25,0,499,0,0
20,24,0,493,0,0
20,24,0,484,0,0
20,24,0,480,0,0
20,24,0,478,0,0
20,25,0,483,0,0
20,25,0,480,0,0
20,24,0,483,0,0
20,24,0,487,0,0
20,24,0,485,0,0
20,24,0,480,0,0
20,24,0,480,0,0
20,24,0,486,0,0
20,24,0,485,0,0
20,24,0,483,0,0
20,24,0,483,0,0
20,24,0,489,0,0
20,24,0,486,0,0
20,24,0,483,0,0
20,24,0,482,0,0
20,24,0,481,0,0
20,24,0,488,0,0
20,24,0,486,0,0
20,24,0,480,0,0
20,24,0,485,0,0
20,24,0,484,0,0
20,24,0,481,0,0
20,24,0,486,0,0
20,24,0,488,0,0
20,24,0,481,0,0
20,24,0,481,0,0
20,24,0,483,0,0
20,24,0,485,0,0
20,24,0,475,0,0
20,24,0,478,0,0
20,24,0,482,0,0
20,24,0,482,0,0
20,24,0,481,0,0
20,24,0,479,0,0
20,24,0,478,0,0
20,24,0,477,0,0
20,24,0,480,0,0
20,24,0,481,0,0
20,24,0,481,0,0
20,24,0,481,0,0
20,24,0,479,0,0
20,24,0,482,0,0
20,24,0,485,0,0
20,24,0,484,0,0
20,24,0,479,0,0
20,24,0,479,0,0
20,24,0,480,0,0
20,24,0,475,0,0
20,24,0,475,0,0
20,24,0,477,0,0
20,24,0,478,0,0
20,24,0,479,0,0
20,24,0,475,0,0
20,24,0,479,0,0
20,24,0,478,0,0
20,24,0,476,0,0
20,24,0,477,0,0
20,24,0,475,0,0
20,24,0,479,0,0
20,24,0,482,0,0
20,24,0,475,0,0
20,24,0,477,0,0
20,24,0,475,0,0
20,24,0,477,0,0
20,24,0,478,0,0
20,24,0,476,0,0
20,24,0,472,0,0
20,24,0,471,0,0
20,24,0,474,0,0
20,24,0,475,0,0
20,24,0,473,0,0
20,24,0,467,0,0
20,24,0,466,0,0
20,24,0,465,0,0
20,24,0,471,0,0
20,24,0,471,0,0
20,24,0,476,0,0
20,24,0,472,0,0
20,24,0,470,0,0
20,24,0,466,0,0
20,24,0,463,0,0
20,24,0,469,0,0
20,24,0,472,0,0
20,24,0,475,0,0
20,24,0,474,0,0
20,24,0,470,0,0
20,24,0,478,0,0
20,24,0,469,0,0
20,24,0,468,0,0
20,24,0,469,0,0
20,24,0,468,0,0
20,24,0,473,0,0
20,24,0,474,0,0
20,24,0,475,0,0
20,24,0,473,0,0
20,24,0,474,0,0
20,24,0,472,0,0
20,24,0,468,0,0
20,24,0,471,0,0
20,24,0,469,0,0
20,24,0,468,0,0
20,24,0,471,0,0
20,24,0,469,0,0
20,24,0,466,0,0
20,24,0,462,0,0
20,24,0,461,0,0
20,24,0,463,0,0
20,24,0,466,0,0
20,24,0,468,0,0
20,24,0,470,0,0
20,24,0,467,0,0
20,24,0,469,0,0
20,24,0,464,0,0
20,24,0,468,0,0
20,24,0,468,0,0
20,24,0,472,0,0
20,24,0,468,0,0
20,24,0,467,0,0
20,24,0,462,0,0
20,24,0,463,0,0
20,24,0,467,0,0
20,24,0,465,0,0
20,24,0,465,0,0
20,24,0,469,0,0
20,24,0,463,0,0
20,24,0,462,0,0
20,24,0,468,0,0
20,24,0,469,0,0
20,24,0,469,0,0
20,24,0,471,0,0
20,24,0,467,0,0
20,24,0,459,0,0
20,24,0,464,0,0
20,24,0,467,0,0
20,24,0,473,0,0
20,24,0,471,0,0
20,24,0,465,0,0
20,24,0,461,0,0
20,24,0,464,0,0
20,24,0,464,0,0
20,24,0,468,0,0
20,24,0,464,0,0
20,24,0,463,0,0
20,24,0,465,0,0
20,24,0,464,0,0
20,24,0,460,0,0
20,24,0,461,0,0
20,24,0,467,0,0
20,24,0,462,0,0
20,24,0,459,0,0
20,24,0,455,0,0
20,24,0,455,0,0
20,24,0,461,0,0
20,24,0,465,0,0
20,24,0,464,0,0
20,24,0,464,0,0
20,24,0,463,0,0
20,24,0,463,0,0
20,24,0,465,0,0
20,24,0,464,0,0
20,24,0,467,0,0
20,24,0,459,0,0
20,24,0,457,0,0
20,24,0,463,0,0
20,24,0,465,0,0
20,24,0,468,0,0
20,24,0,465,0,0
20,24,0,464,0,0
20,24,0,465,0,0
20,24,0,465,0,0
20,24,0,469,0,0
20,24,0,468,0,0
20,24,0,463,0,0
20,24,0,461,0,0
20,24,0,464,0,0
20,24,0,464,0,0
20,24,0,466,0,0
20,24,0,461,0,0
20,24,0,459,0,0
20,24,0,459,0,0
20,24,0,460,0,0
20,24,0,458,0,0
20,24,0,460,0,0
20,24,0,464,0,0
20,24,0,467,0,0
20,24,0,456,0,0
20,24,0,459,0,0
20,24,0,460,0,0
20,24,0,462,0,0
20,24,0,460,0,0
20,24,0,464,0,0
20,24,0,464,0,0
20,24,0,465,0,0
20,24,0,463,0,0
20,24,0,466,0,0
20,24,0,466,0,0
20,24,0,466,0,0
20,24,0,463,0,0
20,24,0,466,0,0
20,24,0,467,0,0
20,24,0,463,0,0
20,24,0,459,0,0
20,24,0,463,0,0
20,24,0,463,0,0
20,24,0,459,0,0
20,24,0,463,0,0
20,24,0,460,0,0
20,24,0,462,0,0
20,24,0,464,0,0
20,24,0,462,0,0
20,24,0,467,0,0
20,24,0,468,0,0
20,24,0,463,0,0
20,24,0,462,0,0
20,24,0,467,0,0
20,24,0,467,0,0
20,24,0,466,0,0
20,24,0,466,0,0
20,24,0,467,0,0
20,24,0,464,0,0
20,24,0,460,0,0
20,24,0,457,0,0
20,24,0,459,0,0
20,24,0,465,0,0
20,24,0,465,0,0
20,24,0,468,0,0
20,24,0,463,0,0
20,24,0,463,0,0
20,24,0,466,0,0
20,24,0,467,0,0
20,24,0,463,0,0
20,24,0,468,0,0
20,24,0,465,0,0
20,24,0,464,0,0
20,24,0,466,0,0
20,24,0,467,0,0
20,24,0,466,0,0
20,24,0,468,0,0
20,24,0,468,0,0
20,24,0,466,0,0
20,24,0,462,0,0
20,24,0,465,0,0
20,24,0,463,0,0
20,24,0,467,0,0
20,24,0,466,0,0
20,24,0,466,0,0
20,24,0,464,0,0
20,24,0,461,0,0
20,24,0,464,0,0
20,24,0,465,0,0
20,24,0,467,0,0
20,24,0,473,0,0
20,24,0,469,0,0
20,24,0,469,0,0
20,24,0,470,0,0
20,24,0,468,0,0
20,24,0,468,0,0
20,24,0,470,0,0
20,24,0,472,0,0
20,24,0,466,0,0
20,24,0,466,0,0
20,23,0,467,0,0
20,23,0,468,0,0
20,23,0,470,0,0
20,24,0,472,0,0
20,23,0,470,0,0
20,23,0,466,0,0
20,24,0,461,0,0
20,23,0,462,0,0
20,23,0,464,0,0
20,23,0,473,0,0
20,23,0,472,0,0
20,23,0,473,0,0
20,23,0,473,0,0
20,23,0,469,0,0
20,23,0,469,0,0
20,23,0,471,0,0
20,23,0,472,0,0
20,23,0,471,0,0
20,23,0,471,0,0
20,23,0,472,0,0
20,23,0,468,0,0
20,23,56,471,0,0
20,23,311,474,0,1
20,23,426,473,0,1
20,23,433,473,0,1
20,23,423,484,0,1
20,23,419,492,0,1
20,23,419,491,0,1
20,23,419,487,0,1
20,23,415,493,0,1
20,24,409,499,0,1
20,24,414,506,0,1
20,24,413,507,0,0
20,24,414,514,0,0
20,24,407,522,0,0
20,24,406,525,0,0
20,24,399,528,0,0
20,24,398,537,0,1
20,24,406,538,0,1
20,24,414,538,0,1
20,24,412,535,0,1
20,24,411,538,0,1
20,24,408,546,0,1
20,24,405,554,0,1
20,24,405,565,0,1
20,24,405,573,0,1
20,24,405,581,0,1
20,24,405,587,0,1
20,24,413,588,0,1
20,24,416,589,0,1
20,24,419,592,0,1
20,24,419,599,0,1
20,25,419,605,0,1
20,24,419,611,0,1
20,25,419,616,0,1
20,25,419,621,0,1
20,25,419,622,0,1
20,25,419,624,0,1
20,25,419,623,0,1
20,25,433,632,0,1
20,25,433,639,0,1
20,25,433,646,0,1
20,25,433,649,0,1
20,25,433,649,0,1
20,25,433,656,0,1
20,25,433,660,0,1
20,25,437,659,0,1
20,25,440,671,0,1
20,25,442,673,0,1
20,25,438,678,0,1
20,25,441,681,0,1
20,25,429,683,0,1
20,25,429,689,0,1
20,25,429,694,0,1
20,25,435,690,0,1
20,25,444,697,0,1
20,25,444,710,0,1
20,25,444,717,0,0
21,25,444,720,0,0
21,25,444,721,0,0
21,25,444,718,0,0
21,25,444,715,0,0
21,25,447,713,0,0
21,25,456,714,0,0
21,25,460,714,0,1
21,25,454,711,0,1
21,25,453,705,0,1
21,25,451,711,0,1
21,25,454,713,0,1
21,25,453,719,0,1
21,25,458,727,0,1
21,25,458,728,0,1
21,25,459,731,0,1
21,25,454,738,0,1
21,25,454,740,0,1
21,25,454,735,0,1
21,25,454,735,0,1
21,25,456,746,0,1
21,25,465,762,0,1
21,25,469,766,0,1
21,25,469,763,0,1
21,25,462,773,0,0
21,25,464,777,0,0
21,25,462,778,0,1
21,25,470,778,0,1
21,25,475,774,0,1
21,25,471,774,0,1
21,25,480,778,0,1
21,25,487,779,0,1
21,25,503,780,0,1
21,25,509,786,0,1
21,25,527,800,0,1
21,25,524,814,0,1
21,25,529,832,0,1
21,26,534,849,0,1
21,26,544,860,0,1
21,26,538,871,0,1
21,26,553,879,0,1
21,26,542,894,0,1
21,26,547,905,0,1
21,26,559,911,0,1
21,26,567,919,0,1
21,26,554,923,0,1
21,26,563,931,0,1
21,26,564,934,0,1
21,26,577,934,0,1
22,26,578,939,0,1
22,26,581,936,0,1
22,26,580,936,0,1
22,26,596,936,0,1
22,26,594,937,0,1
22,25,603,937,0,1
22,26,608,946,0,0
22,25,606,950,0,0
22,25,612,937,0,1
22,25,611,943,0,1
22,25,617,946,0,1
22,25,624,944,0,1
22,25,630,944,0,1
22,25,632,948,0,1
22,25,652,940,0,1
22,25,643,944,0,1
22,25,648,942,0,1
22,25,767,948,0,1
22,25,1419,945,0,1
22,25,1697,951,0,1
22,25,1209,958,0,1
22,25,685,956,0,1
22,25,684,952,0,1
22,25,679,954,0,1
22,25,683,961,0,1
22,25,692,961,0,1
22,25,693,953,0,1
22,25,689,956,0,1
22,25,693,970,0,1
23,25,686,971,0,1
23,25,698,986,0,1
23,25,694,985,0,1
23,25,690,997,0,1
23,25,696,1003,0,1
23,25,710,1004,0,1
23,25,722,1011,0,1
23,25,732,1022,0,1
23,25,735,1029,0,1
23,25,719,1031,0,1
23,25,723,1040,0,1
23,25,729,1040,0,1
23,25,738,1042,0,1
23,25,738,1052,0,1
23,25,734,1062,0,1
23,25,738,1067,0,1
23,25,747,1072,0,1
23,25,745,1095,0,1
23,26,746,1109,0,1
23,26,737,1119,0,1
23,26,745,1123,0,1
23,26,740,1122,0,1
23,26,754,1123,0,1
23,26,763,1158,0,1
23,26,758,1160,0,1
23,26,755,1166,0,1
23,26,758,1164,0,1
23,26,772,1163,0,1
23,26,767,1172,0,1
24,26,774,1182,0,1
24,26,774,1182,0,1
24,26,769,1187,0,1
24,26,758,1191,0,1
24,26,775,1213,0,1
24,26,775,1194,0,1
24,25,783,1173,0,1
24,25,789,1160,0,1
24,25,797,1156,0,1
24,25,799,1139,0,1
24,25,782,1140,0,1
24,25,786,1145,0,1
24,25,794,1149,0,1
24,25,797,1152,0,1
24,25,787,1153,0,1
24,25,805,1152,0,1
24,25,798,1146,0,1
24,25,793,1145,0,1
24,25,801,1140,0,1
24,25,808,1150,0,1
24,25,809,1129,0,1
24,25,817,1125,0,1
24,25,813,1123,0,1
24,25,798,1124,0,1
